camera_matrix:
  cols: 3
  data: [1465.4849111421345, 0.0, 947.333177884777, 0.0, 1424.577203648055, 541.209322088517,
    0.0, 0.0, 1.0]
  rows: 3
camera_name: rgb
distortion_coefficients:
  cols: 5
  data: [0.2686293287261275, -1.5493142764085195, 0.00019527185930693876, -0.002212024905423716,
    2.730289671429885]
  rows: 1
distortion_model: plumb_bob
image_height: 1080
image_width: 1920
projection_matrix:
  cols: 3
  data: [1465.4849111421345, 0.0, 947.333177884777, 0.0, 0.0, 1424.577203648055, 541.209322088517,
    0.0, 0.0, 0.0, 1.0, 0.0]
  rows: 4
rectification_matrix:
  cols: 3
  data: [1.0, 0.0, 0.0, 0.0, 1.0, 0.0, 0.0, 0.0, 1.0]
  rows: 3
