camera_matrix:
  cols: 3
  data: [1502.099826991507, 0.0, 961.9892548080226, 0.0, 1503.266183807037, 548.6495677780124,
    0.0, 0.0, 1.0]
  rows: 3
camera_name: rgb
distortion_coefficients:
  cols: 14
  data: [0.20334413747922905, -1.18156962979527, 0.0008202413204992285, 0.0004510376502875319,
    1.914138790237397, 0.0, 0.0, 0.0, 0.0, 0.0, 0.0, 0.0, 0.0, 0.0]
  rows: 1
distortion_model: plumb_bob
image_height: 1080
image_width: 1920
projection_matrix:
  cols: 3
  data: [1502.099826991507, 0.0, 961.9892548080226, 0.0, 0.0, 1503.266183807037, 548.6495677780124,
    0.0, 0.0, 0.0, 1.0, 0.0]
  rows: 4
rectification_matrix:
  cols: 3
  data: [1.0, 0.0, 0.0, 0.0, 1.0, 0.0, 0.0, 0.0, 1.0]
  rows: 3
