camera_matrix:
  cols: 3
  data: [417.24995194208526, 0.0, 150.55257078000628, 0.0, 417.57393994639915, 152.40265771611456,
    0.0, 0.0, 1.0]
  rows: 3
camera_name: previewout
distortion_coefficients:
  cols: 14
  data: [0.20334413747922905, -1.18156962979527, 0.0008202413204992285, 0.0004510376502875319,
    1.914138790237397, 0.0, 0.0, 0.0, 0.0, 0.0, 0.0, 0.0, 0.0, 0.0]
  rows: 1
distortion_model: plumb_bob
image_height: 300
image_width: 300
projection_matrix:
  cols: 3
  data: [1502.099826991507, 0.0, 961.9892548080226, 0.0, 0.0, 1503.266183807037, 548.6495677780124,
    0.0, 0.0, 0.0, 1.0, 0.0]
  rows: 4
rectification_matrix:
  cols: 3
  data: [1.0, 0.0, 0.0, 0.0, 1.0, 0.0, 0.0, 0.0, 1.0]
  rows: 3
